worm/
0000000090
0000000091
0000000092
0000000093
0000000094
0000000095
0000000096
0000000097
0000000098
0000000099
0000000100
0000000101
0000000102
0000000103
0000000104
0000000105
0000000106
0000000107
0000000108
0000000109
0000000110
0000000111
0000000112
0000000113
0000000114
0000000115
0000000116
0000000117
0000000118
0000000119
0000000120
0000000121
0000000122
0000000123
0000000124
0000000125
0000000126
0000000127
0000000128
0000000129
0000000130
0000000131
0000000132
0000000133
0000000134
0000000135
0000000136
0000000137
0000000138
0000000139
0000000140
0000000141
0000000142
0000000143
0000000144
0000000145
0000000146
0000000147
0000000148
0000000149
0000000150
0000000151
0000000152
0000000153
0000000154
0000000155
0000000156
0000000157
0000000158
0000000159
0000000160
0000000161
0000000162
0000000163
0000000164
0000000165
0000000166
0000000167
0000000168
0000000169
0000000170
0000000171
0000000172
0000000173
0000000174
0000000175
0000000176
0000000177
0000000178
0000000179
0000000180
0000000181
0000000182
0000000183
0000000184
0000000185
0000000186
0000000187
0000000188
0000000189
0000000190
0000000191
0000000192
0000000193
0000000194
0000000195
0000000196
0000000197
0000000198
0000000199
0000000200
0000000201
0000000202
0000000203
0000000204
0000000205
0000000206
0000000207
0000000208
0000000209
0000000210
0000000211
0000000212
0000000213
0000000214
0000000215
0000000216
0000000217
0000000218
0000000219
0000000220
0000000221
0000000222
0000000223
0000000224
0000000225
0000000226
0000000227
0000000228
0000000229
0000000230
0000000231
0000000232
0000000233
0000000234
0000000235
0000000236
0000000237
0000000238
0000000239
0000000240
0000000241
0000000242
0000000243
